1
2
1
1
3
1
1
2
2
2
2
1
3
1
2
1
1
1
2
1
1
1
3
1
4
4
2
1
2
6
3
2
1
1
1
1
1
1
1
1
1
3
2
1
1
1
2
3
1
3
2
3
3
1
12
2
3
6
7
1
12
3
4
5
5
1
2
8
1
3
1
13
9
7
14
5
15
2
6
18
18
13
28
2
16
13
6
7
3
1
9
23
14
7
31
26
14
2
1
2
4
7
20
17
2
25
2
1
11
1
14
1
31
1
14
1
20
11
1
1
5
11
1
5
2
2
1
8
19
1
5
5
1
1
1
1
1
4
7
1
1
1
2
2
1
11
35
6
1
1
1
2
68
2
2
1
11
1
4
2
1
3
1
3
4
35
4
2
1
15
1
1
1
4
5
2
10
2
1
2
8
10
2
2
1
12
1
2
8
3
1
4
1
3
3
17
2
4
2
4
14
2
9
15
1
9
1
26
14
14
10
29
3
6
2
34
42
43
34
24
19
7
13
18
4
3
23
1
2
4
6
2
5
2
2
2
1
2
2
2
2
2
2
2
2
8
4
1
1
34
1
1
1
1
3
1
1
97
3
2
1
5
1
2
23
55
4
8
6
12
1
2
2
65
17
120
1
184
3
1
22
